epoch: 1001, RMS: 0.06174371091999295
epoch: 1001, RMS: 0.06274315059899581
epoch: 2002, RMS: 0.062060283626287176
